%YAML:1.0
---
CameraExtrinsicMat: !!opencv-matrix
   rows: 4
   cols: 4
   dt: d
   data: [ 7.7325196782477290e-03, 2.1079127926593000e-02,
       9.9974790747732001e-01, 4.2294795811923858e-02,
       -9.9992653061384251e-01, 9.4961592322001520e-03,
       7.5336800039039198e-03, -4.0941317816979114e-02,
       -9.3349619169033060e-03, -9.9973271094112515e-01,
       2.1151008494134205e-02, -8.6637678687192174e-02, 0., 0., 0., 1. ]
CameraMat: !!opencv-matrix
   rows: 3
   cols: 3
   dt: d
   data: [ 5.0735222516847040e+02, 0., 6.4139909713268833e+02, 0.,
       5.0502414254996449e+02, 3.5812497195430956e+02, 0., 0., 1. ]
DistCoeff: !!opencv-matrix
   rows: 1
   cols: 5
   dt: d
   data: [ 9.5928610487221955e-02, -1.0272426002698577e-01,
       -2.0376272854652393e-03, 8.1650752387203568e-03,
       2.0706665592990652e-02 ]
ImageSize: [ 1280, 720 ]
ReprojectionError: 5.0914546256391269e-01
